1032 1032
1032 1032
1032 1032
1032 1032
1032 1032
1032 1032
1032 1032
1032 1032
1032 1032
1032 1032
1032 1032
1032 1032
1032 1032
1032 1032
1032 1032
1032 1032
1032 1032
1032 1032
1032 1032
1032 1032
1032 1032
1032 1032
finally 1032 1032
[[ 234620.43481445  141024.79150391  142125.81811523 ...,   93633.18383789
    93467.55419922   96588.60998535]
 [ 141024.79150391  238552.28076172  142093.08105469 ...,   93006.02368164
    93081.75366211   95929.11523438]
 [ 142125.81811523  142093.08105469  232735.20117188 ...,   93324.28710938
    94710.22167969   95989.73864746]
 ..., 
 [  93633.18383789   93006.02368164   93324.28710938 ...,  228362.03710938
   127491.07849121  113096.40576172]
 [  93467.55419922   93081.75366211   94710.22167969 ...,  127491.07849121
   229200.42919922  113537.89465332]
 [  96588.60998535   95929.11523438   95989.73864746 ...,  113096.40576172
   113537.89465332  255193.30712891]]
